110000000000000000000000000000000000000000000000000000000011
110000000000000000000000000000000000000000000000000000000011
001111111111111111111111111111111111111111111111111111111100
001000000000000000000000000000000000000000000000000000000100
001000000000000000000000000000000000000000000000000000000100
001000000000000000000000000000000000000000000000000000000100
001000000000000000000000000000000000000000000000000000000100
001000000000000000000000000000000000000000000000000000000100
001000000000000000000000000000000000000000000000000000000100
001000000000000000000000000000000000000000000000000000000100
001000000000000000000000000000000000000000000000000000000100
001000000000000000000000000000000000000000000000000000000100
001000000000000000000000000000000000000000000000000000000100
001000000000000000000000000000000000000000000000000000000100
001000000000000000000000000000000000000000000000000000000100
001000000000000000000000000000000000000000000000000000000100
001000000000000000000000000000000000000000000000000000000100
001000000000000000000000000000000000000000000000000000000100
001000000000000000000000000000000000000000000000000000000100
001000000000000000000000000000000000000000000000000000000100
001000000000000000000000000000000000000000000000000000000100
001000000000000000000000000000000000000000000000000000000100
001000000000000000000000000000000000000000000000000000000100
001000000000000000000000000000000000000000000000000000000100
001000000000000000000000000000000000000000000000000000000100
001000000000000000000000000000000000000000000000000000000100
001000000000000000000000000000000000000000000000000000000100
001111111111111111111111111111111111111111111111111111111100
110000000000000000000000000000000000000000000000000000000011
110000000000000000000000000000000000000000000000000000000011