0000000000000000000000000000000000000001
0000000000000100000000000000000000000111
0000000000000010000000010000000000000000
0000000000001110000000001000000000000000
0000001000000000000000111000000000000000
0000000100000000000000000000000000000000
0000011100000000000000000000000000000000
0000000000000000000000000000000000000000
0000000000000000000000000000000010000000
0000000000000000000000000000000001000000
0000000000000000000000000000000111000000
0000000000000000000000000000000000000000
0000000000000000000000000000000000000001
1000000000000000000000000000000000000000
1000000000000000000010000000000000000011
0000000000000000000001000000000000000000
0000000000000000000111000000000000000000
0000000000000000000000000000000000000000
0000000000000000000000000000000100000000
0001000000000000000000000000000010000000
0000100000000000000000000000001110000000
0011100000000000000000000000000000000000
0000000000000000000000000000000000000000
0000000000000000000000000000000000000000
0000000000000000000000100000000000000000
0000000000000000000000010000000000000000
0000000000000000000001110000000000000000
0000000000000000000000000000000000000000
0000000000000000000000000000000000000001
1000000000000000000000000000000000000000
1000000000000000000000000000000000000011
0000000000000000000000000000000000000000
0000000000000000000000000000000000000000
0000000000000000000000000000000000000000
0000000000000000010000000000000000000000
0000000001000000001000000000001000000000
0000000000100000111000000000000100000000
0000000011100000000000000000011100000000
0000000000000000000000000000000000000000
0000000000000000000000000000000000000010