0001100000000000001100000000000000001010
0001000000000100001000000000001000000110
0000000000010100000000010000000110000000
0000000000001100000001010000001100000000
0000001000000000000000110000000000000000
0000101000000000000000000000000000000000
0000011000000000100000000000000000000010
1000000000000000011000000000000000000001
0000000000000000110000000000000010000011
0000000000000000000000001000001010000000
0000000000000000000000000110000110000000
0010100000000000000000001100000000000000
0001100001000000000000000000000000000001
0001000000110000000000000000000000000101
0000000001100000000010000000000000000011
0000000000000000001010000000000000000000
0000000000000000000110000000000000000000
0000000000000000000000010000000000000000
0000000000000010000000001100000100000000
0001000000000001100000011000010100000100
0101000000000011000000000000001100000011
0011000000000000000000000000000000000110
0000000001000000000000000000000000000000
0000000000110000000000000000000000000000
0000000001100000000000100000010000000000
0000100000000000000010100000001100000000
0000011000000000000001100000011000000000
0000110000000010000000000000000000000000
0000000000000001100000000000000000000001
0000000000000011000000000000000000000101
0000000000000000000000000000000010000011
0000100000000000000000001000000001100000
0000011000000000000000000110000011000000
0000110000000000000000001100000000000000
0000000000000000010000000000000000000000
0000000001000001010000000000001000000000
0000000101000000110000000000101000000000
0000000011000000000000000000011000000000
0000000000000000000000000000000000000000
0010100000000000010100000000000000000010