000000000000000000000000000000000000000000000000000000000000
000000000000000000000000000000000000000000000000000000000000
000000000000000000000000000000000000000000000000000000000000
000000000000000000000000000000000000000000000000000000000000
000000000000000000000000000000000000000000000000000000000000
000000000000000001010000000101000000000000000000000000000000
000000000111110000000100010000000000000000000000000000000000
000000000000100000000100010001100000000000000000000000000000
000000001001011010000100010001000000000000000000000000000000
000000000001000000000100010001110000000000000000000000000000
000000000000000000111000001111101100000000000000000000000000
000000010000000000000011100000001100000000000000000000000000
000000001000000010000000000000000100000000000000000000000000
000000000000000010000000000000001000000000000000000000000000
000000000000000001111101011111100000000000000000000000000000
000000000000000000000000000000000000000000000000000000000000
000000000000000000000000000000000000000000000000000000000000
000000000000000000000000000000000000000000000000000000000000
000000000000000000000000000000000000000000000000000000000000
000000000000000000000000000000000000000000000000000000000000
000000000000000000000000000000000000000000000000000000000000
000000000000000000000000000000000000000000000000000000000000
000000000000000000000000000000000000000000000000000000000000
000000000000000000000000000000000000000000000000000000000000
000000000000000000000000000000000000000000000000000000000000
000000000000000000000000000000000000000000000000000000000000
000000000000000000000000000000000000000000000000000000000000
000000000000000000000000000000000000000000000000000000000000
000000000000000000000000000000000000000000000000000000000000
000000000000000000000000000000000000000000000000000000000000